paper:689,226;
button:139.000000,124.000000,297.000000,189.000000,Button,button,0;
listbox:401.000000,37.000000,550.000000,109.000000,Listbox,listbox,0;
editbox:99.000000,34.000000,196.000000,71.000000,Edit,editbox,0;
checkbox:248.000000,45.000000,327.000000,74.000000,Checkbox,checkbox,0;
radiobutton:460.000000,160.000000,585.000000,185.000000,Radiobutton,radiobutton,0;
groupbox:29.000000,109.000000,101.000000,151.000000,Groupbox,groupbox,0;
