paper:850,1100,0;
uml_class:40.000000,120.000000,168.000000,200.000000,CSomeClass,3,0,,Arial,14286847,abstract,,0,1,1,0|0|m_member|int||||,1|0|op|int|||0|0||;
uml_class:376.000000,128.000000,512.000000,192.000000,CSomeDerivedClass,12,0,,Arial,14286847,,,0,0,0;
uml_note:232.000000,24.000000,328.000000,88.000000,This is a base-child class relation,23,0,,Arial,14680031;
uml_line:328.000000,56.000000,440.000000,56.000000,,108,0,,,23,110,2,16,16,Arial,16777215,,,32,0,,;
uml_line:440.000000,56.000000,440.000000,128.000000,,110,0,,,108,12,32,4,16,Arial,16777215,,,0,64,,;
uml_line:104.000000,120.000000,104.000000,48.000000,,133,0,,,3,135,4,16,16,Arial,16777215,,,64,0,,;
uml_line:104.000000,48.000000,232.000000,48.000000,,135,0,,,133,23,32,1,16,Arial,16777215,,,0,24,,;
