paper:850,1100,0;
uml_interface:48.000000,80.000000,80.000000,112.000000,InterfaceName,3,0,,Arial,14286847;
uml_class:88.000000,176.000000,216.000000,240.000000,CSomeClass,8,0,,Arial,14286847,,,0,0,0;
uml_line:152.000000,176.000000,152.000000,96.000000,,15,0,,,8,27,4,16,0,Arial,16777215,,,64,0,,;
uml_line:152.000000,96.000000,80.000000,96.000000,,27,0,,,15,3,32,2,1,Arial,16777215,,,0,16,,;
uml_class:304.000000,184.000000,432.000000,248.000000,ClassName,64,0,,Arial,14286847,,,0,0,0;
uml_line:304.000000,216.000000,216.000000,216.000000,,98,0,,,64,8,1,2,1,Arial,16777215,,,32,40,,;
uml_package:320.000000,288.000000,432.000000,368.000000,PackageName,161,0,,Arial,16768477;
uml_line:376.000000,288.000000,376.000000,248.000000,,178,0,,,161,64,4,8,16,Arial,16777215,,,56,72,,;
